# Created by Octave 5.2.0, Thu Jul 09 15:00:13 2020 GMT <emmanuel.biabiany@univ-antilles.fr>
# name: edges
# type: matrix
# rows: 1
# columns: 9
 0 9.9999999999999995e-07 1.2 2.2000000000000002 5.2000000000000002 8.6999999999999993 16.410000000000036 26.899999999999999 59.247999999999962


